22037351	010011110001101011101110101010010110110001100011101101010110010000011000011001100101000010000011011000000110111110110000001011011100011000101110100111001011
26250912	110110011000111010001001010010101001000100110001101010110010110110001111110110001011011000010010110110000101110110011001001111111010110011011001000010100010110110011000111101101110100001011100010110110001010111000110110101100111011001011
26337430	11110011111100010011011011000110000110010011110101010010110111111000100110110011001011100001000011000011001010000111110110101000010101000110101010010010100111101000110001111000100011111101100010001101010101000111100011110110101100101001011001010011110101100110001110101111111011000110101110101010011011101111001011
26352936	01111110110000010111110110000101011011110101000101111101010100011001011011111110111100011000111010100011000111110110111011111100011011101111110000101101110001100001101010110100100111110110101010111101100011010111010001011011100100000101111000100011010111101101111101101010110010001111011110111001010100111001010100111001011
26487815	100000110010001100101110111000110001110110101010111101100011110001011011111100001011011100101000101000111010101001011110001000110101111010100011000110110101101110110011010111001011110010110010110110001011011111100010001010001000101011110010101101110100011001011
26572499	10000011110011011010111111001010001000110100001010100001011101110000110110000011000111110110111101000100000010110111110110001111001101101011001010011110001010110001010010011011010000001011011111101010010010010111010110011011101100111111111010110010110110001011011111100101011001011
26589596	110110001111110100011000001011011110001011001101010001101010100010100100110111111000010110011101100010100100010110111100011101011101110100111001011
26676138	1011011111101100011100001001111011000111000010010111110111011111000011011111010110010100001101101010101110111011110110110110101111000110111101000101101111110001011011001001110101100101010001000010000101111101100011001100101101111110001100001101000101011111000010011110110001110001101101010010110111000111101111010001001110010111011001011
26854486	11100101100111011000101001011011010111000010011000111100010011111110111101010011100110011110011000110110001001111011010101100101101100010110111111000010100110010110011011111000100010010011011010111011001011
26858031	10110111111000011010100010100011111001011011110111110101010001100101101111101100010000011101101010010110111111110111101111101101011110000100101111000101111100101100111011000000101110111011101101000011101100110010111011001011
26975852	011111100011110100011011101010001111110000100110001111000110100110101100101101111110110001110001010011110111101011111011000101011000101001110010101000011101100100111100101100111011000110011000101010001101010100100010110111110011001011011100101110001111010000100100011111011010100010110111111011000111011001011
27085605	0100101111010010010100010001101011001010010110010000010010111001011001110100100010010111010001010111101100000100010111011111011010101010010001100001101111101101010101001011011111100010100001111000110101111111110011001011001110110001100101011
27117507	1101100101000011111101010000101110111010101001011011000010101000010111011100011110111110110001110001011011110001011000111111000010011000111100011110101111011100101001000100010010110110101100111011001011
27762801	101101111101111110001101111110001011011111100010010100011110101100110001000110101010101100101000111101110110101011111011010101000111000110110001001110111001010010001001111100001001110001101110111101111010111111001000110101010100110110010000101000111111011011011110101111110010110110001111010110110010110110001010110111010101011010111101110110101011
27801866	0100101111000101111100101100111011000001111111111101101110101111010101001010000110111110111111011100111101011100010010100101111000010110111000111101011001000001010000111100011000111111111011001011
27802242	10110111111000010011000010110011101111000010011110110001110001010001100010001111001111101111010111111000110110100010110111111000111100111011011000111011001010100011011101100010011000111100010000010010011001011001110100101010010011110110111111110111101111001011
27880960	100000100111100011011111111100010101111000111101011110000110010111011101111000101101111110000101100100011000110111110101010010011100011110110111111011001011
29060936	1011011111100011011110101010000110010100101101111000111001111110110101111011011100111001011100001011011110111111110010100001101101011111111101111010111111000100011010001101111010101111101001010010110111111111110110101010001110001000010000101111101100000100000011111111011010111111110001010010001010111110111101101110100011001011
29566228	101101111110001100010001101110010010011000101001000101101111000111001011001000110111001011110001101111010001011011111100001000010001100011100100111101001010010010001
29603387	110110010000101000101000011011111011010101111011110101111110001010101001001010001000100100110110001101111101111011001100101001111010110011011001100011101000100101001010100100010011000110101011001010111101111011110111011000101111001011
40000330	10110111111000101111111010110110110001101110001001000010110110111110001000111101110001111010111000110101010110001100010101110111111011101111000100000010101010011111010111101110100000101001111010001100011001011
40001513	100000111100111111010010101111101100000111101110101000101111011011011010111100010000010100001100101011011110101111110010110110111110110001101111110101100100011111110001101111010111101011001011011111100011110101111000111010000101011001011
40003159	0111011001001001010101101110111100010001101000100010101010110011011111101110110000001010100010010010000111110110101010001011110110110110100001100101101101011011011011110110111011111000101101111110001010110001101010100011011110101111110010001001010011111110010101100101011
40005126	1000100111111010111100010001010001011110110110110100011011111100001100100001011111011010000110110101110000100001001001100110110000010001001101100101100111000101001011011111011001011
40007601	11011001010001111101100011000111011010101110010101001000111100001011001110000100000110111110110000001001110111101010101011001001111100001100101101111101101000111110010110111100101111001011110010110010001101010101001101100101010110110101100101001011000101110110100110010010001001011110100111001011
40017023	0100111011101101110110111110101100101101111110000110110001000100100010100001100101001011011011011111011010101010010001001111011101011110111100010000010010110111111010111110110101101111010111111001111010100111010101011101110100010001011111011001011
40018021	101000011111101010000101110001001110001010000101110001011011001010011011000110000110010011100101010001101100010011101110010100100011110111011100011011010000001011011111100010011011001100101110000111100011110001000110001100011011010110011101010111001011
40018126	0100111011100101001000101101111110001010000111111011101100000010100110110100101110111010100100101101111110001111011011111111011110111110101010011111111000100011110111101100101011
40018632	01001110111001010010001011011111100010001010001010001110111101111011011100111001011100011000011001010100011010101000111000101000011010001111010111100101011
40023680	0111111000110001000110100001101111101011000110010000000101001101101011101010011100110011110011000011111100001111000101010010110110001111010110110010110110001011011100101000101001110111101011111100010110110110010111011101100011001011
40027203	1011011111100001000010001111010110010011110000110010011101000010000011001011110000110010011111001010010110111111000011001011001110110000010110111111000111101001011101110010110111010010010101011011111111001011
40030143	010011101110110111011011111010110010110111111000110111011110010100111100011000111001011001110110101111101110001010101101010111111111101111000100000100111110100011111010111101101000011111010010001111101101001000001101100010111111101101010001011111011001011
40032587	10000011010100010111101101011001110001101111010010110010001001011011101011000101111101111000010101010010001011011110001110111101110110000101100110111101011111100101000011011000110001110111100101101101101101010101111011010101100010011101110110111000111110111111000100110110110101111101111011001011
40032876	0111011001001001010001000110100010110111111000111101010001000110101101011101100000111010010100010011011011000100010111110001011011111100011110101000100011010101011000100101100101011
40033092	101000100011010001011011111100001101101011011011011010001001110001101001011101100011111001011011101100101101111110001111010111101101000001000000111111110001000010110011101100101011
40033315	01010100010010100101111000100011000111000111111110001110100010110001011011100101000101000111011110001011011000111100111011001011011110010101000110110010100010001101000010000110111101010101001110010110011101100010100110110111110111101011111100110110011010111011101010100111110110101010111101100000011011010111000110000110011001000011001011
40034019	110111011100010010101001001101111110000101010100100010000100001011000110110001101110111110001010000110111110110101011110001010011100101010001101111010000100001000101000101111001100110110001011011100101000110100010110110001111001011011111011010101010010110100101100001001111011100101110111100010110111111011000111000110101110010111100101100101001111010001100011001011
40035555	1101100010011101110010100100011010111001011001110110000010011111000101101111101111110001010010110111110110101111110010001111111000110111101011001011001110010110011101100011001011000110011100101011000010101101011001011110010111100101100110110011001001111101111010110011111101101011000110100101010111101100011001011
40036959	0100111000110111011110111101011111100100000100101101111110101100011001000000110001000110101010101100101000111101110110101011111011010101000111011110001101111110000111100011000101011110110000010110111100011010001101100110111101011011101111011100010010100101010010010110111011011111011111101111011001101110110001001011011111010010101010010011111011001011
40037751	101101111110001111001101111100101101100010110111111101100010100001111000111101110111100010110111111000011010011110010011101010001011110110101100111011001011
40038453	1000110100010001001111110101111000100010100010110011000111010100001011100110110101111000100000100101101101010110111011111010101001001110001011011111001011
40038485	1101100101101111101111010010111000110110001001110111001010010001001111111010100100101101111110001100011101010100101000100011000110011000110110000011011000100111011100101001000100101110100011110111000101101111110001001110010111110111000011011010111011001011
40038753	11110011111100001000001101001010101111010101000111111011000000111100011010101010101110111011000101000011111011111001000000110101110100010111001010100111001011
40041756	101001111010000111110011001101100101101111101111010010111000110111011110010100111100010000011111101100110101010011101101001011001101111000011011010010101110110101011000100000110110000010010111010001100011010110111101011111100111011010111111100101101111110011111001011
40043156	11001000110111000010101000101011110001011011111100011110111110111111100011000001010000110011001011101101111101111011001010100011110111110111101000110100010101111010100001101100010001011111010101001011011111100101011001011
40044047	101101111110001100100100010100001011100010111100010001101011110010101101110111011111011000001101010000101011101111000100000111101000110101010111001011
40045825	100101110101100010101110000111111010010010110110010100101101111100001001110111011011100101001011011111011000001001110001111111111111000111111111011001011
40046319	101000100010111111000100011000111000111111011001101010100010110111110101111110110011000100000110110000010110111111010100100100011000111000101000100101110100011010001000110101010100100011000111000110100110101100110100110110111111010100111001011
40050271	101101111110001010111011111101000010110110101101101101101111010101111101010100010101000110111111011100010100001111000110001111111110111100010110111111000010000100010110111111011000001011011111000011011111011111101110110111110101100101101111110001111101101010111100011111011100001010111110111101101110100011001011
40051123	011001011011010110110110111101101110111110001011011111100001111000110101111110110010110011101100000111101011111010000101011110001011011111100011000011001010100011010000100111011010000111011001011
40052084	100000110010011111001011001110110101101110010111000111101011111110010101001110010111011110000101101110001111010110001111101111110001100011100101100111011010111111111011001011
40052092	110110010010011001011001110001110100010111101111010111111001011011010001111010111110101010010100001111110111011110111000100011010101010010111111101101010000011110100011010101010100111011101000011111101111011001011
40052663	1101101000000110110010101011011010110010100101100100101101101011101110001111001100101011101011011111011110101111111100110011011110010100100101001000111101011100010100100100001001100010100100010000110000110010100011011101111001011
40052923	11111011010101011110110001101011101000101101110010110111111000010110111110101011000100100001100101100111011000101000011001010111011110001000001111001011011110001101111010111111001100100111011110101111001011
40053162	101101111110000101011101100011000101001001010001000101100111100110100100101100111011110001011011111100011001001110100010010011011111011110001111010100011011111011010101000111011001011
40053165	0100111100001111000010110011100011010111001011001110110000010011111011101101000101101100010001111011011100011001100110100110110000001111000010110011100001001111000010110011011111101101110111110101010010000100001100011011101000100011001011
40053971	11011010000000101101111111011000010110111001011100001011011111001100101101110010111000111010001011111011000111100010001100011100011000111010001001011001100010010111111011000111000101010110001011011111101010010001000011011110101010100010110111111101100001011011100101110000101101111100110010110111001011100010110110001110100010111100101011
40054114	010110111001011101000111101110000100110001101110110001101111101011111101101110101111000011001000000101101111110000111011011111011110111011001011
40054395	111100111111000010011100001101011111000011111011010100010000010010011011010111111001001011101011101111101100011001100100111111101011000111111000101011101110101110101100101001011001100011101000101010011011101111001011
40055122	1111001111110001000101010101100110111111011101010100011111011010100010110110001010000110010101110001001110001010000101110001000101100011011010101000111011001011
40055253	100000101000110001110100010111111101100011100001100101101101011011011011110111011110001000110100110101101111110110000011111111101000110000010011111010010011001001000111110111111000100111110111101011000100101101100011110101111001011
40055457	01110110010010001001110111001010010001011011111100011111111000100011110111100001000010001101110010001000111111100011011110101111010110010110111111000010000100011010101000101001001001011101010001011111110110001110110001100101011
40055477	1101100010011000110101011000101001101100011100010101111010111000110111001011101010100110111101001000001101100001010100010111101101101101011001011
40055526	1111001111110001000100100100110001010011111000111100101101111101000010111011110001011011000011111011010100011011110100010000010010011011111010101000101100011011011101000111011001011
40055551	111101101101011110010111010010101101001000001101111101100000101000011001010111011110001000111100101110110111101011111100010000011011000001001111000111010001010111001011
40055867	100000101000011011000110001110111100101101101101101010101111011010101000111000010110111101110111010000111111011110001011011111100001100100000100001101110100011100010001001101100101100111000101101111110001011010011101111010000111111011000011011001011
40056822	011011111011000001101111110011010010100010111110001110101110100101010011010010011011111110100100100101101110111011111011000111100010110111111000011110000101100011010100011001011
40057013	10110111111000111001011110001011011111011000101111011111101110000101010001101111010101110001101111010111100011101000101000011100101011101111110010110111111101011111011001011
40057148	1011011111100011110101111000100011010111111111011000000110010000010000110111010001101110001011111011110001011011111100001010111010001001011001011
40057207	10110111111000011010011111101010001110110101110000101110111010100111110101111000011001011101110001111010111000101000010111011110001011011111100010001100011000111011110101111011110101111110011110110111101011111111101100011001011
40057208	111100111111000101011101110101001101001101011001010000111111010001011000110110100010110111111000101111101111010111100110001000001101100000110111011000100110001111000110100110101100101101111110001100011011111111011110110010110111110111101011111100101101100010101011011001011
40057219	01001011111101100011100010101011000110001000110101010101100101000101101110110111110111111011110111111000101000011001010111000010000110000110010101100101011
40057409	11011010000001010010110111110001001011011010111011100010111111101101010000010001101010101001011011001010100010110110001111010001111101010001110010110100010111100010100100101000011001010100111101111010110111101011111100101101111110001011010010110110010110011011101111001010011110001100011101000100101001010100100110100110101100100011110001001110001010100100011110001101110110011110011011111011010101011111011001011
40057665	0110111110101111110110111010111100010110111111000111101010011101001101101010100101010001111011011111111011111110001000110100011111011000111111111011001011
40057679	100000010110111111101100001011011100101110000101101111011111111001000110101010100100000111111110001110111011010001010101101101001011101110101001000100001001011100100100100000010111011011101111100011011110100010110111111000010101101110101101011001011100001100100000010110111111000110101101111111101111011001000110101010100111011010101011110101010011111001011011001111011111011010100111111101100011010101111001011
40057877	111010001010000111001001011011100011011111100110110100011100101111000101101110010100011011110101111000101101111110001111011111011000010110011011010110011011110101111110010100010010011011010111000110101110100011000001011011111100010001101011111111101001011001011
40058454	011101100100100101010110111011110001011011111100010001100010100001111101101011001110001100011101000101000101100100111110111101101110101111000101101111110001111001111101101000010111101111010111111000101100110111110010011100101011
40058519	1011011111100010100010010011010100001011100001001110111011011111011110100010110111110111111000100111001001101111110010001101010101001011011111100010100010010011010100001011100001101101000010101010010010010100001011011101101100101101100100011000111000011011010111000011101101111101100000101011101101000001000011101100011101101010110001000011000011001010001110100010100001110001101011011111101100011001011
40058629	10110111111000111100111011001101011111011000001111010001010011111000111111011001101010110011101001111000101101100001111101111110001001001100101100111011001011
40058722	10110111111011000111000010011000111100011010011000110111010001110001010001100011101000010100011011110100010110111111000110111010001110001001101100101111001100110011010011011000001010111011101010010110111111010100100011110000101100111000010100110110101110101001001011011000111111011000101101100010110111111000111101011011011000111011001011
40058821	0101010100100010101111100101000101111000110111110111100010110110001001111100010100001100110100100010011101001001111010001010011101111010111111001011011110001011001111001111110001001011011010111011101111000100010010100100010110111111000111101000010101110001011011111011110101111111111000101101111000101100110110010101011011001011
40058857	101101111110000110100101010100100001011011010110111001011100011000111001011001110100101111000110111101000110111011111100010001111101011011101101100011011101110100111001011
40058907	110110001100100001011111011010001111011101110001011011111100010111101101010111000111010010111001011001110110100001101100000110100110011011010000110110100010100010010011010100001011101111011001011
40059176	01110110010010010100010001101000100000111100101011101001010010101001001011110110101101100010011101110110111101011100010000100100100111110011111011110101010100101101111110000101101110001111011110100011111111101100101011
40059242	01010101001001100010000101100111000010011000110111011111100010001001101100101100111000101101111110001101001101011110111010001110101010010101100011010101000111011001011
40059378	01111110001011011010010101010011111011110001000000101100111011000101001001110010111100101000110111011110111101011111100100010101010110011101101010111111101100011100011110101101101100010100111001011
40059460	1101110110001001100011110001111111110101110111101111010111111001010110001100001011101100110010001101010101000100111100001001111011000111011010110010100101100101101111110110001110001010011110101111001011
40059723	1000000101101110001111011110010010110110001010100010011101110110111101011100010000100111110001001111101001001100100100101101111110000100001000110000101011101100011001011
40060861	0111111000101011101110101110101100101001011000100110001101010110010110110001111110110001011011000101101111110001010111101101010111101111110101111001100101001111010110001111110000100111101101010110010001101010100101001100010100111001011
40060894	1111001111110000110110101001010100100010110111000110111101010111111000010011101110110111001001101101001010101001010000110100100110110001111011001010100011110011111100010101011011101111000110100110101100100101101101011101110000101101110001111010111110100101111011001011
40061019	1011011111100010011011010101101001000101010001010010001011011111011000011110000101101111110001010000110010100101101111101101011110100010111110111100001000001101100000101101111110001001001101111011110000110010000001000001011110001111101110000101011101011100001011011011110100111110110111010001111011001011
40061190	1101100010010110111110100101010100011110000101100111000111111011010111011111011010001011011111100001011011110000110010100110101111011011011010110011001001111111010110001010101001001000101110111110110101010110001101010100011100001001100011110110101100101001011001111110110011010101001110110100110111110111111011111001011
40061204	1111001111110000100110001111000101101100110001111001110110110001011001011011000111101110111000011001011001110110000010110111111000010000111011010101000111011001011
40061248	10010111010111111000100010010100100010011111000101011101101000001000011101100011101101010110010110110111111111010110111111011000001111101101010111101110010000100111100011000111010001001011011111101110000100111100010001100011100010001001010010001011011111100011110100001010111011001011
40061450	1011011111100010011011001100101110001101111110001101111010000100001100001101101010110001100100000010110111111000101110001001110010111011001011
40061530	101101111110000101011100101001101100010100100010011110001111101111011101010100101101100011110011110001100011100011011111100011010011000100100110110101111111110110000010100001100111111011000111011010101111001011
40061607	110111100101001010100110001000101101111110110000010011111000100000100111101111000101010010110111100011010001000000100001101111110011111001011
40062066	1011011111100010100001101101010100011101100010110001111110100011000111100010110111111000111100110100111110110000011110100100110111111100011010001011011111000011011111011111101110110111110101100101101111110001000100101001011011100011010101000111011001011
40062082	10110111111000010110111111101001110010110111111001111110101010011000100011011101010001010011001011001110111100010110111111000111101101111111101110001001110111011011111011110100010000011111011010100001011000110110111010110001001110010111000101000110001000101000010111011001011
40062500	1011011111100001011001000110111101000011111101111011011101110001011111011110000110010110011101100000101101111110000100001000110000101011101100011001011
40062738	10000010100011111011000110001010010011110010110111101111010111100010001010001100001101111011110001000001011010011110110101011110111110101101110010011111011010101000011111001011
40062756	110110001001100011010101100101101100010011111110101001001000000110110101110111101101111101100101111001011110010110010011111110101100010111011010011001001001101110110001001011011010110010100101100111101111101101110110001010111011001011
40062827	1100001101010000101110000101011111011110110111010000010000101101101011011110000110100010100001111110111100010001011000111110111111110111000101100111010010011010100011011101110100111001011
40063156	10110111111000100101000010111011100011011111100010000010010011011010111111000100110001010010001000011000011001010000111111011000111011001011
40063253	101101111110000101101110001100010111101110001001000111100101101101101100010110011100101111000101101101101100010111111000101101111110000101110110111011101000011111101101011001011
40063285	10110111111000111100101110101001001101111110001010001001011101000110001100101010001011011111100011110101110001100011110001000110001110001011010011101111010010111010010110111101011111111001011
40063308	1111001110110111110100101010100100000110001110010000110001110111100111110111101011111100101000011111101111010110011110101000110001000101110100001111100101011
40064242	0100101111110110100011011000100110001111000100101101110111011100101110001101100011110001010100100000101000100011000001010101100110110000011110100101000010100101011101010100111100111111110101100011011010000101010100100011110001101010101110010110011011001111010111101110010100100011000111001010111001010100111110110000011011101100010110011101100010100100010110011011010110011011101011001010100111001011
40064350	01111110001011111110110001101011101010100110111101000101101111110001100011101111011101000110001010000111000101101110000101101111101100000011011010000100001100011011101011000101001110010101000011010110111111011000010011101111110111011001100011111100001001011011111010010101010001111000010110011100011010011010110001011011100011110111101110101010010110111111000101000100101000111101111011001011
40064648	01001111010101110101110111101010110001010010011011111100001111111100101001011011001010110001010011100110010011111110101100011110001111000100011010101001011011010111000100011110010111011101010100101101111110001010001000010101110100100011011010000000111111011001010011110000111100001011011010110111010010010001001101101111101011001101110111100101011
40064853	01010100010010100101111000100011000111000111111110001110100010110001011011100101000101000111011110001011011000111100111011001011011110010101000110110010100010001101000010000110111101010101001110010110011101100010100110110111110111101011111100110110011010111011101010100111110110101010111101100000011011010111000110000110011001000011001011
40065338	10000010111110110000101011011110101000100100011110101111000011001011101110001111010100010001101011110001011011111100001000001101100010110111101000011001010110111101011111100010110010001100011011100011010101000111011001011
40065803	10110111111000010101010011111010111110110001101101101111101111000101011101110001100010100100110001110101000011011000101011111000101101111110000101100011011011101000111011001011
40065840	10110111111000010110111000111101111000101111000100011010111101001010001011011011000001100001101010000101110111100001101111101011111101101110101111000101101111110000111110111111010110110110001101110001101011001011
40065931	110110010000101000011110000101101101011011101001001011011000101110000101110111000101001011011111011000001010101101101010001011110110110110101100101010001000110101010010010000101001101111101101010110001001110111001010010001001111100011111111000111010001011100101010010010000101101101011011110001110101000110111000101111101010111001011
40066502	101101111110101001001111110110101100101101111110110001110001110100011000100101010011100110010001101010101001011011111101010010011111101101011001100011101000100101001010100100111111011001101010100111101110100010111111011001011
40066599	101101111110001010111101000110000010000101101101011011110000110100010100001110011000100011011110101111000101010110010011101000111110010110110110110100010110111111000010010110110000101110111010101000101101110010111010001111011111011000111011001011
40069733	11110011101101111101001010101000100111100011110101110001100010110010100010010100011110111100011010011001001110011000110110000011110011101101111101001010101000100111100001001100011011101100010000011011000001110010110011101100010100101101101011100010110110001111111110101100011111101100011101100101011
40071018	1000001111111100010001111011110001000101010101100111011000101111011111101110111100001100101101101011011011011110110111011111000111010001010000111001010001100001101111011110111010101001111111000110001001110010111011001011
40104371	1000001100011101011100011011100100011110110111001011011101000011011010001001110001111001111110111100010110111111000110001110100101101111111111011011011010001101111010111101101110101111000101101111110001000010100001001011011000010111010010011010001010111001011
